 0
    4     21     21    1
1  0    0.  0.  0.
    1  0  -2.000000000  -2.000000000   0.000000000
    2  0  -1.000000000  -2.000000000   0.000000000
    3  0   0.000000000  -2.000000000   0.000000000
    4  0   1.000000000  -2.000000000   0.000000000
    5  0   2.000000000  -2.000000000   0.000000000
    6  0  -2.000000000  -1.000000000   0.000000000
    7  0   0.000000000  -1.000000000   0.000000000
    8  0   2.000000000  -1.000000000   0.000000000
    9  0  -2.000000000   0.000000000   0.000000000
   10  0  -1.000000000   0.000000000   0.000000000
   11  0   0.000000000   0.000000000   0.000000000
   12  0   1.000000000   0.000000000   0.000000000
   13  0   2.000000000   0.000000000   0.000000000
   14  0  -2.000000000   1.000000000   0.000000000
   15  0   0.000000000   1.000000000   0.000000000
   16  0   2.000000000   1.000000000   0.000000000
   17  0  -2.000000000   2.000000000   0.000000000
   18  0  -1.000000000   2.000000000   0.000000000
   19  0   0.000000000   2.000000000   0.000000000
   20  0   1.000000000   2.000000000   0.000000000
   21  0   2.000000000   2.000000000   0.000000000
    1  0   0.000000000   0.000000000   1.000000000
    2  0   0.000000000   0.000000000   1.000000000
    3  0   0.000000000   0.000000000   1.000000000
    4  0   0.000000000   0.000000000   1.000000000
    5  0   0.000000000   0.000000000   1.000000000
    6  0   0.000000000   0.000000000   1.000000000
    7  0   0.000000000   0.000000000   1.000000000
    8  0   0.000000000   0.000000000   1.000000000
    9  0   0.000000000   0.000000000   1.000000000
   10  0   0.000000000   0.000000000   1.000000000
   11  0   0.000000000   0.000000000   1.000000000
   12  0   0.000000000   0.000000000   1.000000000
   13  0   0.000000000   0.000000000   1.000000000
   14  0   0.000000000   0.000000000   1.000000000
   15  0   0.000000000   0.000000000   1.000000000
   16  0   0.000000000   0.000000000   1.000000000
   17  0   0.000000000   0.000000000   1.000000000
   18  0   0.000000000   0.000000000   1.000000000
   19  0   0.000000000   0.000000000   1.000000000
   20  0   0.000000000   0.000000000   1.000000000
   21  0   0.000000000   0.000000000   1.000000000
    1  8
    1    2    3    7   11   10    9    6
    2  8
    3    4    5    8   13   12   11    7
    3  8
    9   10   11   15   19   18   17   14
    4  8
   11   12   13   16   21   20   19   15
    1  8
    1    2    3    7   11   10    9    6
    2  8
    3    4    5    8   13   12   11    7
    3  8
    9   10   11   15   19   18   17   14
    4  8
   11   12   13   16   21   20   19   15
